1 80
2 880
3 16
4 400
5 400
6 880
7 408
8 880
9 881
10 1200
11 1200
12 808
13 400
14 8
15 8
16 1600
17 400
18 808
19 1609
20 400
21 1600
22 8
23 8
24 400
25 1600
26 800
27 1601
28 8
29 800
30 408
31 480
32 2113
33 8
34 400
35 969
36 80
37 88
38 80
39 2888
40 1281
41 800
42 80
43 400
44 3296
45 20
46 220
47 4
48 101
49 100
50 220
51 103
52 221
53 221
54 300
55 301
56 202
57 100
58 2
59 2
60 400
61 101
62 202
63 403
64 100
65 400
66 2
67 3
68 100
69 400
70 201
71 401
72 2
73 200
74 102
75 120
76 529
77 2
78 100
79 243
80 20
81 23
82 20
83 723
84 321
85 201
86 21
87 100
88 824
